1 5
6 13
14 20
21 24
25 31
32 36
37 50
51 57
58 67
68 78
79 83
84 90
91 93
94 95
96 103
104 110
111 118
119 125
126 130
131 139
140 141
142 143
144 150
151 163
164 171
172 179
180 186
187 190
191 196
197 204
205 211
212 219
220 225
226 231
232 233
234 242
243 246
247 255
256 263
264 273
274 280
281 288
289 292
293 298
299 308
309 319
320 329
330 335
336 341
342 348
349 359
360 368
369 375
376 381
382 384
385 392
393 399
400 406
407 412
413 418
419 424
425 432
433 441
442 449
450 458
459 466
467 473
474 479
480 482
483 488
489 501
502 510
511 530
531 539
540 546
547 554
555 560
561 565
566 576
577 582
583 594
595 614
615 621
622 631
632 639
640 649
650 658
659 668
669 676
677 680
681 689
690 691
692 697
698 711
712 721
722 727
728 736
737 746
747 749
750 755
756 765
766 774
775 784
785 792
793 807
808 815
816 822
823 826
827 829
830 847
848 851
852 853
854 860
861 867
868 878
879 881
882 890
891 892
893 895
896 904
905 912
913 921
922 929
930 933
934 940
941 944
945 951
952 956
957 965
966 979
980 989
990 1000
1001 1006
1007 1015
1016 1024
1025 1028
1029 1034
1035 1044
1045 1046
1047 1057
1058 1063
1064 1070
1071 1073
1074 1080
1081 1087
1088 1097
1098 1099
1100 1101
1102 1108
1109 1121
1122 1125
1126 1132
1133 1141
1142 1147
1148 1155
1156 1158
1159 1163
1164 1168
1169 1174
1175 1183
1184 1193
1194 1201
1202 1209
1210 1218
1219 1224
1225 1239
1240 1252
1253 1259
1260 1267
1268 1270
1271 1275
1276 1282
1283 1289
1290 1294
1295 1298
1299 1303
1304 1313
1314 1316
1317 1325
1326 1332
1333 1334
1335 1344
1345 1351
1352 1357
1358 1368
1369 1374
1375 1381
1382 1390
1391 1400
1401 1406
1407 1412
1413 1430
1431 1432
1433 1438
1439 1442
1443 1454
1455 1458
1459 1466
1467 1472
1473 1483
1484 1485
1486 1493
1494 1502
1503 1520
1521 1541
1542 1543
1544 1553
1554 1562
1563 1566
1567 1576
1577 1584
1585 1593
1594 1602
1603 1608
1609 1616
1617 1623
1624 1634
1635 1643
1644 1658
1659 1666
1667 1675
1676 1682
1683 1688
1689 1692
1693 1696
1697 1705
1706 1715
1716 1719
1720 1725
1726 1732
1733 1736
1737 1746
1747 1751
1752 1754
1755 1762
1763 1770
1771 1781
1782 1785
1786 1791
1792 1799
1800 1801
1802 1803
1804 1814
1815 1816
1817 1825
1826 1827
1828 1833
1834 1849
1850 1855
1856 1864
1865 1875
1876 1885
1886 1889
1890 1899
1900 1901
1902 1906
1907 1912
1913 1916
1917 1922
1923 1937
1938 1945
1946 1953
1954 1957
1958 1964
1965 1977
1978 1984
1985 1990
1991 2000
2001 2006
2007 2013
2014 2019
2020 2025
2026 2033
2034 2051
2052 2055
2056 2061
2062 2063
2064 2081
2082 2090
2091 2102
2103 2110
2111 2113
2114 2121
2122 2130
2131 2138
2139 2143
2144 2153
2154 2155
2156 2163
2164 2169
2170 2178
2179 2184
2185 2190
2191 2194
2195 2197
2198 2208
2209 2211
2212 2217
2218 2228
2229 2233
2234 2236
2237 2245
2246 2251
2252 2259
2260 2265
2266 2276
2277 2280
2281 2298
2299 2306
2307 2314
2315 2320
2321 2324
2325 2330
2331 2336
2337 2342
2343 2348
2349 2355
2356 2361
2362 2380
2381 2384
2385 2390
2391 2403
2404 2416
2417 2425
2426 2432
2433 2449
2450 2457
2458 2469
2470 2475
2476 2484
2485 2490
2491 2496
2497 2505
2506 2514
2515 2521
2522 2527
2528 2538
2539 2543
2544 2550
2551 2558
2559 2568
2569 2578
2579 2586
2587 2589
2590 2601
2602 2616
2617 2622
2623 2635
2636 2639
2640 2645
2646 2650
2651 2662
2663 2667
2668 2676
2677 2683
2684 2691
2692 2704
2705 2709
2710 2715
2716 2722
2723 2733
2734 2736
2737 2738
2739 2740
2741 2746
2747 2755
2756 2767
2768 2777
2778 2780
2781 2785
2786 2793
2794 2799
2800 2807
2808 2812
2813 2821
2822 2832
2833 2840
2841 2846
2847 2854
2855 2862
2863 2870
2871 2885
2886 2898
2899 2902
2903 2905
2906 2912
2913 2914
2915 2923
2924 2932
2933 2942
2943 2944
2945 2955
2956 2962
2963 2969
2970 2977
2978 2984
2985 2992
2993 2996
2997 3005
3006 3015
3016 3021
3022 3030
3031 3039
3040 3043
3044 3047
3048 3053
3054 3064
3065 3072
3073 3074
3075 3081
3082 3087
3088 3089
3090 3097
3098 3102
3103 3112
3113 3119
3120 3128
3129 3131
3132 3143
3144 3151
3152 3157
3158 3163
3164 3170
3171 3183
3184 3188
3189 3195
3196 3202
3203 3206
3207 3210
3211 3221
3222 3231
3232 3237
3238 3245
3246 3256
3257 3269
3270 3276
3277 3280
3281 3290
3291 3298
3299 3308
3309 3312
3313 3321
3322 3330
3331 3338
3339 3344
3345 3359
3360 3368
3369 3373
3374 3376
3377 3382
3383 3388
3389 3393
3394 3400
3401 3408
3409 3419
3420 3430
3431 3439
3440 3451
3452 3453
3454 3455
3456 3465
3466 3467
3468 3484
3485 3490
3491 3497
3498 3505
3506 3521
3522 3534
3535 3548
3549 3554
3555 3559
3560 3562
3563 3566
3567 3573
3574 3577
3578 3584
3585 3600
3601 3613
3614 3635
3636 3647
3648 3658
3659 3667
3668 3669
3670 3671
3672 3675
3676 3678
3679 3688
3689 3694
3695 3702
3703 3708
3709 3724
3725 3729
3730 3739
3740 3750
3751 3759
3760 3767
3768 3776
3777 3782
3783 3794
3795 3802
3803 3807
3808 3814
3815 3823
3824 3831
3832 3838
3839 3848
3849 3856
3857 3863
3864 3872
3873 3877
3878 3886
3887 3894
3895 3914
3915 3925
3926 3931
3932 3939
3940 3957
3958 3965
3966 3984
3985 3989
3990 3999
4000 4009
4010 4017
4018 4027
4028 4041
4042 4047
4048 4057
4058 4065
4066 4074
4075 4082
4083 4086
4087 4092
4093 4108
4109 4115
4116 4117
4118 4120
4121 4126
4127 4133
4134 4140
4141 4147
4148 4155
4156 4164
4165 4170
4171 4178
4179 4186
4187 4194
4195 4201
4202 4210
4211 4213
4214 4219
4220 4223
4224 4229
4230 4232
4233 4242
4243 4245
4246 4247
4248 4253
4254 4262
4263 4267
4268 4277
4278 4284
4285 4296
4297 4303
4304 4311
4312 4313
4314 4327
4328 4330
4331 4342
4343 4349
4350 4362
4363 4378
4379 4383
4384 4390
4391 4398
4399 4405
4406 4412
4413 4422
4423 4430
4431 4438
4439 4445
4446 4452
4453 4459
4460 4463
4464 4472
4473 4480
4481 4491
4492 4504
4505 4513
4514 4521
4522 4525
4526 4528
4529 4538
4539 4541
4542 4551
4552 4556
4557 4568
4569 4582
4583 4584
4585 4592
4593 4602
4603 4612
4613 4614
4615 4620
4621 4623
4624 4629
4630 4639
4640 4650
4651 4658
4659 4665
4666 4667
4668 4679
4680 4688
4689 4707
4708 4711
4712 4721
4722 4727
4728 4736
4737 4745
4746 4752
4753 4757
4758 4762
4763 4768
4769 4781
4782 4784
4785 4793
4794 4799
4800 4811
4812 4814
4815 4820
4821 4831
4832 4839
4840 4853
4854 4860
4861 4872
4873 4876
4877 4880
4881 4882
4883 4893
4894 4901
4902 4903
4904 4911
4912 4923
4924 4927
4928 4929
4930 4936
4937 4942
4943 4948
4949 4958
4959 4966
4967 4972
4973 4981
4982 4999
5000 5006
5007 5013
5014 5019
5020 5030
5031 5041
5042 5043
5044 5054
5055 5060
5061 5066
5067 5073
5074 5092
5093 5096
5097 5102
5103 5114
5115 5124
5125 5128
5129 5137
5138 5141
5142 5149
5150 5158
5159 5173
5174 5185
5186 5194
5195 5206
5207 5215
5216 5229
5230 5235
5236 5248
5249 5256
5257 5261
5262 5269
5270 5278
5279 5293
5294 5310
5311 5326
5327 5330
5331 5333
5334 5339
5340 5348
5349 5351
5352 5359
5360 5366
5367 5384
5385 5397
5398 5406
5407 5410
5411 5415
5416 5428
5429 5437
5438 5448
5449 5454
5455 5468
5469 5487
5488 5496
5497 5505
5506 5517
5518 5532
5533 5542
5543 5558
5559 5568
5569 5577
5578 5584
5585 5587
5588 5595
5596 5606
5607 5611
5612 5619
5620 5635
5636 5645
5646 5653
5654 5663
5664 5670
5671 5675
5676 5681
5682 5683
5684 5693
5694 5699
5700 5716
5717 5720
5721 5726
5727 5737
5738 5742
5743 5749
5750 5758
5759 5768
5769 5775
5776 5788
5789 5794
5795 5801
5802 5803
5804 5807
5808 5815
5816 5825
5826 5827
5828 5844
5845 5852
5853 5858
5859 5871
5872 5880
5881 5888
5889 5898
5899 5910
5911 5922
5923 5929
5930 5934
5935 5939
5940 5949
5950 5958
5959 5963
5964 5967
5968 5975
5976 5984
5985 5994
5995 6001
6002 6011
6012 6017
6018 6020
6021 6028
6029 6031
6032 6038
6039 6041
6042 6047
6048 6051
6052 6054
6055 6060
6061 6072
6073 6092
6093 6096
6097 6107
6108 6116
6117 6121
6122 6129
6130 6137
6138 6145
6146 6151
6152 6155
6156 6159
6160 6165
6166 6173
6174 6185
6186 6191
6192 6201
6202 6207
6208 6214
6215 6224
6225 6233
6234 6239
6240 6245
6246 6262
6263 6266
6267 6268
6269 6276
6277 6282
6283 6286
6287 6294
6295 6303
6304 6310
6311 6312
6313 6321
6322 6336
6337 6338
6339 6346
6347 6357
6358 6364
6365 6373
6374 6381
6382 6397
6398 6401
6402 6409
6410 6416
6417 6423
6424 6429
6430 6437
6438 6446
6447 6457
6458 6467
6468 6473
6474 6479
6480 6487
6488 6493
6494 6499
6500 6511
6512 6520
6521 6528
6529 6535
6536 6543
6544 6551
6552 6555
6556 6562
6563 6572
6573 6578
6579 6586
6587 6594
6595 6598
6599 6608
6609 6617
6618 6622
6623 6625
6626 6630
6631 6642
6643 6649
6650 6655
6656 6664
6665 6674
6675 6680
6681 6686
6687 6693
6694 6699
6700 6707
6708 6717
6718 6726
6727 6733
6734 6742
6743 6747
6748 6758
6759 6766
6767 6774
6775 6780
6781 6786
6787 6798
6799 6802
6803 6812
6813 6818
6819 6824
6825 6834
6835 6848
6849 6856
6857 6859
6860 6872
6873 6878
6879 6888
6889 6893
6894 6900
6901 6907
6908 6913
6914 6922
6923 6930
6931 6936
6937 6956
6957 6965
6966 6974
6975 6981
6982 6990
6991 7005
7006 7017
7018 7025
7026 7036
7037 7044
7045 7051
7052 7059
7060 7066
7067 7073
7074 7087
7088 7093
7094 7097
7098 7107
7108 7120
7121 7131
7132 7133
7134 7139
7140 7145
7146 7155
7156 7161
7162 7170
7171 7179
7180 7187
7188 7200
7201 7204
7205 7211
7212 7218
7219 7227
7228 7237
7238 7245
7246 7250
7251 7263
7264 7267
7268 7273
7274 7284
7285 7290
7291 7292
7293 7303
7304 7309
7310 7320
7321 7339
7340 7350
7351 7361
7362 7367
7368 7379
7380 7389
7390 7400
7401 7413
7414 7419
7420 7425
7426 7433
7434 7440
7441 7446
7447 7452
7453 7459
7460 7462
7463 7464
7465 7470
7471 7481
7482 7491
7492 7497
7498 7506
7507 7512
7513 7521
7522 7532
7533 7538
7539 7547
7548 7557
7558 7562
7563 7568
7569 7576
7577 7581
7582 7591
7592 7606
7607 7611
7612 7614
7615 7623
7624 7629
7630 7637
7638 7644
7645 7650
7651 7659
7660 7663
7664 7670
7671 7674
7675 7682
7683 7693
7694 7702
7703 7708
7709 7716
7717 7726
7727 7728
7729 7736
7737 7742
7743 7749
7750 7755
7756 7762
7763 7770
7771 7775
7776 7778
7779 7784
7785 7802
7803 7817
7818 7826
7827 7835
7836 7847
7848 7859
7860 7864
7865 7873
7874 7879
7880 7892
7893 7900
7901 7906
7907 7914
7915 7926
7927 7933
7934 7940
7941 7946
7947 7954
7955 7962
7963 7970
7971 7977
7978 7984
7985 7991
7992 7998
7999 8008
8009 8017
8018 8019
8020 8028
8029 8034
8035 8041
8042 8050
8051 8058
8059 8067
8068 8075
8076 8086
8087 8088
8089 8096
8097 8109
8110 8124
8125 8131
8132 8139
8140 8150
8151 8162
8163 8170
8171 8179
8180 8181
8182 8192
8193 8200
8201 8204
8205 8209
8210 8217
8218 8225
8226 8236
8237 8246
8247 8251
8252 8259
8260 8265
8266 8273
8274 8280
8281 8286
8287 8293
8294 8300
8301 8304
8305 8322
8323 8331
8332 8337
8338 8344
8345 8356
8357 8361
8362 8369
8370 8374
8375 8383
8384 8390
8391 8398
8399 8405
8406 8417
8418 8429
8430 8436
8437 8439
8440 8448
8449 8452
8453 8458
8459 8467
8468 8473
8474 8480
8481 8489
8490 8495
8496 8500
8501 8502
8503 8507
8508 8514
8515 8518
8519 8526
8527 8533
8534 8542
8543 8547
8548 8553
8554 8560
8561 8566
8567 8574
8575 8580
8581 8591
8592 8609
8610 8619
8620 8625
8626 8634
8635 8643
8644 8648
8649 8656
8657 8672
8673 8683
8684 8693
8694 8696
8697 8711
8712 8723
8724 8737
8738 8742
8743 8750
8751 8762
8763 8776
8777 8784
8785 8791
8792 8802
8803 8811
8812 8815
8816 8823
8824 8831
8832 8839
8840 8850
8851 8856
8857 8864
8865 8871
8872 8880
8881 8888
8889 8892
8893 8900
8901 8907
8908 8913
8914 8918
8919 8932
8933 8945
8946 8952
8953 8956
8957 8962
8963 8968
8969 8973
8974 8981
8982 8986
8987 8991
8992 8999
9000 9005
9006 9014
9015 9028
9029 9039
9040 9041
9042 9051
9052 9062
9063 9070
9071 9075
9076 9081
9082 9094
9095 9098
9099 9106
9107 9110
9111 9117
9118 9125
9126 9144
9145 9154
9155 9167
9168 9170
9171 9178
9179 9183
9184 9192
9193 9199
9200 9206
9207 9216
9217 9224
9225 9233
9234 9243
9244 9248
9249 9254
9255 9263
9264 9270
9271 9277
9278 9286
9287 9293
9294 9295
9296 9299
9300 9302
9303 9311
9312 9317
9318 9333
9334 9340
9341 9346
9347 9352
9353 9359
9360 9368
9369 9373
9374 9382
9383 9386
9387 9394
9395 9403
9404 9418
9419 9427
9428 9437
9438 9448
9449 9462
9463 9468
9469 9476
9477 9485
9486 9488
9489 9501
9502 9507
9508 9516
9517 9525
9526 9531
9532 9541
9542 9552
9553 9558
9559 9562
9563 9569
9570 9578
9579 9586
9587 9598
9599 9610
9611 9620
9621 9628
9629 9635
9636 9652
9653 9667
9668 9675
9676 9683
9684 9696
9697 9707
9708 9717
9718 9725
9726 9728
9729 9734
9735 9746
9747 9753
9754 9768
9769 9779
9780 9793
9794 9798
9799 9811
9812 9815
9816 9821
9822 9828
9829 9838
9839 9847
9848 9857
9858 9867
9868 9878
9879 9885
9886 9893
9894 9899
9900 9906
9907 9919
9920 9927
9928 9934
9935 9939
9940 9951
9952 9958
9959 9969
9970 9978
9979 9980
9981 9990
9991 9998
9999 10008
10009 10015
10016 10022
10023 10031
10032 10038
10039 10050
10051 10066
10067 10074
10075 10081
10082 10092
10093 10100
10101 10113
10114 10125
10126 10136
10137 10154
10155 10161
10162 10167
10168 10175
10176 10183
10184 10196
10197 10205
10206 10219
10220 10233
10234 10241
10242 10248
10249 10252
10253 10262
10263 10271
10272 10273
10274 10277
10278 10280
10281 10292
10293 10298
10299 10305
10306 10315
10316 10323
10324 10334
10335 10344
10345 10348
10349 10352
10353 10358
10359 10366
10367 10372
10373 10382
10383 10389
10390 10396
10397 10404
10405 10415
10416 10425
10426 10436
10437 10444
10445 10451
10452 10463
10464 10474
10475 10486
10487 10495
10496 10502
10503 10513
10514 10521
10522 10530
10531 10536
10537 10544
10545 10552
10553 10561
10562 10569
10570 10578
10579 10585
10586 10591
10592 10601
10602 10608
10609 10613
10614 10621
10622 10629
10630 10637
10638 10644
10645 10647
10648 10650
10651 10662
10663 10670
10671 10679
10680 10689
10690 10703
10704 10709
10710 10721
10722 10732
10733 10743
10744 10752
10753 10755
10756 10763
10764 10772
10773 10779
10780 10782
10783 10790
10791 10803
10804 10811
10812 10820
10821 10836
10837 10845
10846 10851
10852 10862
10863 10873
10874 10881
10882 10891
10892 10895
10896 10908
10909 10916
10917 10924
10925 10932
10933 10945
10946 10952
10953 10958
10959 10970
10971 10982
10983 10990
10991 10998
10999 11008
11009 11015
11016 11023
11024 11029
11030 11031
11032 11039
11040 11047
11048 11049
11050 11059
11060 11075
11076 11077
11078 11084
11085 11087
11088 11096
11097 11111
11112 11116
11117 11125
11126 11134
11135 11145
11146 11153
11154 11158
11159 11171
11172 11180
11181 11184
11185 11191
11192 11208
11209 11215
11216 11226
11227 11243
11244 11255
11256 11270
11271 11276
11277 11285
11286 11295
11296 11304
11305 11315
11316 11317
11318 11328
11329 11339
11340 11343
11344 11349
11350 11366
11367 11372
11373 11378
11379 11389
11390 11407
11408 11414
11415 11424
11425 11429
11430 11438
11439 11446
11447 11456
11457 11463
11464 11468
11469 11481
11482 11488
11489 11496
11497 11502
11503 11511
11512 11525
11526 11531
11532 11546
11547 11560
11561 11575
11576 11584
11585 11596
11597 11614
11615 11623
11624 11642
11643 11653
11654 11662
11663 11670
11671 11678
11679 11690
11691 11696
11697 11706
11707 11713
11714 11724
11725 11735
11736 11739
11740 11743
11744 11751
11752 11757
11758 11768
11769 11776
11777 11784
11785 11792
11793 11803
11804 11811
11812 11818
11819 11824
11825 11832
11833 11840
11841 11853
11854 11858
11859 11865
11866 11874
11875 11881
11882 11893
11894 11899
11900 11909
11910 11918
11919 11934
11935 11940
11941 11959
11960 11968
11969 11971
11972 11974
11975 11978
11979 11985
11986 11992
11993 11998
11999 12004
12005 12011
12012 12015
12016 12030
12031 12041
12042 12049
12050 12053
12054 12061
12062 12068
12069 12074
12075 12081
12082 12087
12088 12103
12104 12108
12109 12121
12122 12127
12128 12138
12139 12144
12145 12146
12147 12154
12155 12165
12166 12169
12170 12179
12180 12185
12186 12188
12189 12196
12197 12200
12201 12207
12208 12214
12215 12222
12223 12232
12233 12239
12240 12249
12250 12255
12256 12270
12271 12278
12279 12284
12285 12293
12294 12302
12303 12309
12310 12316
12317 12322
12323 12330
12331 12337
12338 12346
12347 12354
12355 12363
12364 12370
12371 12378
12379 12388
12389 12397
12398 12403
12404 12418
12419 12427
12428 12433
12434 12439
12440 12446
12447 12454
12455 12458
12459 12468
12469 12477
12478 12485
12486 12492
12493 12499
12500 12510
12511 12517
12518 12528
12529 12535
12536 12541
12542 12547
12548 12559
12560 12563
12564 12570
12571 12572
12573 12580
12581 12585
12586 12593
12594 12603
12604 12615
12616 12623
12624 12632
12633 12638
12639 12644
12645 12654
12655 12660
12661 12670
12671 12676
12677 12683
12684 12691
12692 12697
12698 12704
12705 12710
12711 12720
12721 12726
12727 12739
12740 12748
12749 12759
12760 12761
12762 12770
12771 12777
12778 12783
12784 12795
12796 12810
12811 12819
12820 12827
12828 12834
12835 12854
12855 12860
12861 12867
12868 12877
12878 12881
12882 12889
12890 12896
12897 12904
12905 12916
12917 12923
12924 12931
12932 12939
12940 12947
12948 12957
12958 12964
12965 12971
12972 12977
12978 12984
12985 12995
12996 13001
13002 13009
13010 13024
13025 13036
13037 13045
13046 13056
13057 13063
13064 13070
13071 13078
13079 13082
13083 13088
13089 13094
13095 13104
13105 13110
13111 13123
13124 13131
13132 13139
13140 13146
13147 13160
13161 13170
13171 13177
13178 13185
13186 13197
13198 13203
13204 13213
13214 13220
13221 13228
13229 13238
13239 13245
13246 13251
13252 13254
13255 13262
13263 13265
13266 13271
13272 13273
13274 13281
13282 13283
13284 13294
13295 13307
13308 13316
13317 13326
13327 13332
13333 13336
13337 13345
13346 13355
13356 13363
13364 13370
13371 13378
13379 13384
13385 13391
13392 13395
13396 13401
13402 13409
13410 13415
13416 13421
13422 13432
13433 13439
13440 13445
13446 13453
13454 13461
13462 13470
13471 13478
13479 13488
13489 13491
13492 13507
13508 13511
13512 13517
13518 13519
13520 13525
13526 13534
13535 13541
13542 13549
13550 13557
13558 13564
13565 13568
13569 13576
13577 13584
13585 13594
13595 13601
13602 13609
13610 13613
13614 13616
13617 13625
13626 13634
13635 13649
13650 13657
13658 13665
13666 13672
13673 13682
13683 13694
13695 13706
13707 13725
13726 13731
13732 13737
13738 13742
13743 13750
13751 13757
13758 13765
13766 13782
13783 13790
13791 13796
13797 13805
13806 13812
13813 13821
13822 13827
13828 13836
13837 13844
13845 13854
13855 13864
13865 13870
13871 13876
13877 13887
13888 13894
13895 13902
13903 13910
13911 13917
13918 13925
13926 13931
13932 13938
13939 13945
13946 13951
13952 13960
13961 13969
13970 13979
13980 13990
13991 13993
13994 13999
14000 14014
14015 14023
14024 14029
14030 14036
14037 14044
14045 14052
14053 14065
14066 14075
14076 14086
14087 14093
14094 14101
14102 14107
14108 14114
14115 14123
14124 14130
14131 14137
14138 14143
14144 14151
14152 14158
14159 14167
14168 14173
14174 14183
14184 14196
14197 14202
14203 14209
14210 14216
14217 14228
14229 14246
14247 14259
14260 14267
14268 14273
14274 14279
14280 14286
14287 14289
14290 14307
14308 14316
14317 14325
14326 14339
14340 14347
14348 14353
14354 14359
14360 14376
14377 14380
14381 14386
14387 14394
14395 14403
14404 14407
14408 14419
14420 14425
14426 14429
14430 14436
14437 14442
14443 14450
14451 14453
14454 14463
14464 14473
14474 14483
14484 14490
14491 14495
14496 14508
14509 14517
14518 14521
14522 14529
14530 14533
14534 14541
14542 14546
14547 14553
14554 14558
14559 14566
14567 14572
14573 14579
14580 14593
14594 14603
14604 14610
14611 14618
14619 14627
14628 14634
14635 14642
14643 14660
14661 14668
14669 14676
14677 14681
14682 14686
14687 14694
14695 14703
14704 14710
14711 14713
14714 14719
14720 14731
14732 14742
14743 14749
14750 14768
14769 14775
14776 14786
14787 14794
14795 14802
14803 14809
14810 14816
14817 14827
14828 14836
14837 14843
14844 14852
14853 14861
14862 14871
14872 14879
14880 14887
14888 14898
14899 14902
14903 14912
14913 14923
14924 14928
14929 14932
14933 14937
14938 14947
14948 14954
14955 14972
14973 14976
14977 14985
14986 14993
14994 15002
15003 15009
15010 15013
15014 15029
15030 15042
15043 15045
15046 15051
15052 15057
15058 15074
15075 15077
15078 15083
15084 15089
15090 15096
15097 15105
15106 15120
15121 15127
15128 15140
15141 15149
15150 15155
15156 15162
15163 15172
15173 15179
15180 15186
15187 15194
15195 15202
15203 15207
15208 15214
15215 15223
15224 15230
15231 15234
15235 15244
15245 15253
15254 15263
15264 15272
15273 15276
15277 15287
15288 15297
15298 15306
15307 15316
15317 15322
15323 15334
15335 15348
15349 15355
15356 15366
15367 15376
15377 15386
15387 15396
15397 15400
15401 15408
15409 15415
15416 15421
15422 15427
15428 15433
15434 15440
15441 15447
15448 15456
15457 15468
15469 15474
15475 15483
15484 15494
15495 15501
15502 15507
15508 15513
15514 15520
15521 15528
15529 15535
15536 15546
