1
9
11
18
19
21
24
25
26
27
28
29
30
31
32
36
42
43
45
51
52
53
61
62
63
64
67
68
69
70
81
82
83
84
85
86
87
88
98
100
102
103
104
105
115
117
118
121
122
123
126
127
128
129
130
131
132
134
135
136
137
140
141
143
152
153
154
156
157
158
159
160
161
162
163
164
165
167
168
170
173
174
176
177
178
180
184
185
195
196
197
200
202
211
213
217
219
222
223
224
227
230
232
233
242
243
255
256
257
258
259
260
261
262
263
265
266
268
269
270
277
282
283
284
287
293
299
300
301
302
303
304
305
307
308
321
323
325
329
330
331
337
340
342
347
348
355
364
367
368
371
372
376
378
381
382
383
384
396
401
402
403
404
406
409
411
413
415
416
417
418
422
425
427
428
429
430
435
436
437
444
446
447
453
460
469
470
471
484
486
487
496
498
516
517
518
519
520
521
523
528
529
534
535
536
537
542
548
549
558
560
561
562
563
564
565
566
567
568
569
576
579
580
581
584
591
592
594
595
605
606
607
609
610
611
613
614
616
617
618
619
620
621
623
638
641
642
648
652
653
655
656
657
658
660
661
663
664
666
671
672
673
693
696
707
708
712
716
724
725
726
728
729
734
735
736
748
751
752
754
755
756
757
758
759
764
765
769
770
774
775
777
778
779
780
782
783
787
788
791
794
795
796
801
802
805
806
807
808
812
813
818
820
821
826
827
828
830
831
834
837
838
840
848
849
853
854
862
863
864
865
869
871
872
873
879
880
881
882
883
884
885
886
887
888
889
890
891
892
895
901
910
911
916
917
918
919
921
927
929
933
935
936
937
938
939
940
942
944
950
951
952
953
954
955
956
958
967
968
969
971
972
973
974
975
976
982
983
984
985
986
987
988
994
997
1001
1005
1006
1009
1020
1021
1022
1028
1029
1030
1031
1032
1034
1035
1040
1049
1050
1051
1052
1053
1054
1058
1065
1066
1068
1074
1075
1076
1077
1079
1080
1082
1083
1084
1087
1088
1089
1091
1093
1094
1095
1096
1097
1099
1108
1109
1110
1114
1115
1122
1127
1129
1130
1132
1134
1135
1137
1149
1155
1162
1170
1203
1204
1207
1209
1210
1212
1213
1214
1215
1219
1221
1224
1229
1230
1231
1232
1233
1234
1235
1239
1242
1255
1268
1276
1278
1279
1280
1281
1286
1287
1290
1291
1295
1296
1297
1298
1299
1311
1317
1322
1323
1324
1327
1333
1334
1335
1336
1338
1339
1340
1342
1343
1345
1346
1350
1352
1360
1369
1372
1378
1379
1380
1382
1386
1390
1391
1395
1396
1397
1399
1403
1439
1440
1442
1445
1452
1453
1457
1459
1463
1469
1470
1474
1475
1476
1481
1482
1483
1489
1490
1491
1498
1502
1503
1513
1518
1522
1524
1525
1526
1548
1555
1556
1559
1560
1562
1566
1568
1569
1585
1587
1588
1591
1597
1602
1603
1604
1605
1606
1607
1610
1617
1622
1623
1625
1640
1642
1643
1644
1645
1650
1652
1654
1656
1662
1673
1677
1679
1680
1681
1684
1685
1688
1690
1698
1708
1709
1716
1718
1727
1729
1730
1731
1734
1735
1738
1741
1742
1752
1753
1754
1764
1765
1766
1767
1768
1772
1774
1775
1776
1777
1778
1779
1781
1782
1784
1787
1792
1797
1801
1802
1803
1804
1806
1808
1809
1810
1811
1816
1817
1818
1819
1820
1821
1822
1823
1825
1826
1828
1829
1830
1832
1834
1836
1837
1838
1842
1843
1844
1847
1848
1849
1850
1851
1852
1853
1858
1860
1864
1872
1874
1875
1876
1877
1878
1879
1881
1882
1883
1884
1885
1890
1891
1892
1894
1895
1896
1897
1898
1905
1906
1907
1914
1915
1916
1922
1923
1924
1925
1929
1930
1933
1935
1936
1937
1939
1941
1953
1957
1969
1970
1971
1972
1973
1976
1979
1980
1981
1991
1993
1994
1997
1998
2001
2004
2005
2009
2010
2011
2012
2013
2014
2015
2016
2017
2018
2019
2020
2021
2030
2031
2032
2033
2034
2040
2042
2044
2047
2048
2049
2051
2056
2057
2058
2059
2067
2069
2070
2071
2072
2073
2074
2075
2082
2086
2089
2094
2096
2123
2136
2137
2139
2142
2143
2144
2148
2154
2161
2163
2169
2170
2171
2172
2174
2177
2181
2185
2189
2190
2191
2192
2195
2196
2198
2199
2203
2206
2207
2208
2217
2225
2226
2229
2232
2241
2242
2243
2244
2245
2248
2253
2257
2262
2264
2266
2267
2268
2269
2270
2271
2272
2273
2274
2275
2276
2277
2278
2279
2280
2281
2282
2290
2300
2307
2308
2309
2310
2311
2312
2313
2314
2315
2316
2317
2318
2319
2320
2321
2322
2323
2329
2332
2333
2335
2336
2345
2349
2350
2351
2352
2353
2354
2362
2365
2366
2367
2368
2370
2372
2373
2374
2377
2385
2386
2387
2388
2389
2390
2391
2392
2395
2397
2398
2399
2400
2403
2404
2416
2419
2420
2429
2430
2435
2436
2438
2439
2440
2441
2442
2444
2454
2455
2458
2459
2466
2473
2474
2478
2479
2480
2481
2482
2484
2485
2486
2487
2489
2490
2493
2497
2498
2499
2500
2501
2505
2506
2511
2515
2517
2518
2520
2521
2522
2523
2524
2526
2528
2529
2530
2532
2538
2539
2540
2543
2546
2547
2550
2551
2552
2553
2554
2556
2564
2567
2569
2570
2571
2572
2576
2577
2578
2579
2580
2581
2584
2585
2586
2587
2588
2589
2592
2599
2602
2604
2606
2608
2614
2615
2616
2618
2619
2620
2621
2622
2623
2624
2625
2626
2627
2628
2629
2630
2631
2632
2633
2634
2639
2640
2642
2643
2648
2673
2674
2675
2676
2677
2680
2682
2683
2684
2685
2689
2690
2693
2696
2697
2698
2702
2703
2704
2708
2709
2710
2717
2718
2719
2724
2725
2726
2728
2729
2730
2733
2735
2736
2737
2738
2739
2740
2750
2751
2752
2753
2769
2774
2778
2781
2787
2788
2789
2790
2791
2795
2805
2807
2808
2810
2811
2812
2813
2814
2815
2816
2817
2818
2819
2820
2821
2823
2826
2827
2836
2837
2838
2839
2840
2841
2848
2857
2861
2862
2863
2869
2872
2873
2874
2892
2893
2894
2897
2901
2902
2910
2912
2915
2920
2922
2923
2927
2928
2931
2932
2938
2939
2940
2942
2943
2944
2945
2950
2951
2953
2956
2957
2958
2961
2963
2968
2969
2970
2971
2972
2974
2981
2988
2993
2994
2995
2998
3006
3010
3011
3012
3013
3015
3016
3024
3025
3029
3030
3032
3068
3072
3074
3075
3087
3088
3089
3100
3102
3103
3105
3106
3108
3110
3111
3112
3114
3115
3117
3118
3120
3121
3126
3136
3140
3141
3146
3153
3154
3156
3164
3165
3166
3171
3174
3175
3176
3177
3183
3184
3185
3194
3199
3201
3202
3203
3212
3218
3222
3231
3232
3241
3242
3243
3247
3248
3249
3250
3251
3252
3256
3257
3259
